chr1	97547887	97548007	120.0	0.408333	-0.051666	0.961239
chr1	97915554	97915674	120.0	0.358333	0.025	0.953856
chr1	97981283	97981403	120.0	0.433333	-0.066666	0.991334
chr1	156841414	156841534	270.8	0.600000	-0.013333	0.991079
chr1	156841474	156841594	390.8	0.600000	-0.026667	1.02335
chr1	156841547	156841667	522.8	0.591667	-0.028334	1.05565
chr1	156841607	156841727	522.8	0.566667	0.013333	1.05588
chr1	156841667	156841787	528.0	0.558333	0.015	1.02994
chr1	156841727	156841847	528.0	0.591667	-0.041667	1.00408
chr1	156841787	156841907	528.0	0.550000	-0.056667	0.99218
chr1	156841847	156841967	528.0	0.433333	-0.01	0.981465
chr1	156841907	156842027	528.0	0.291667	0.111666	0.999126
chr1	156841967	156842087	528.0	0.308333	0.045	1.02556
chr1	156842027	156842147	528.0	0.441667	-0.115	1.04827
chr1	156842087	156842207	528.0	0.383333	-0.053333	1.07801
chr1	156842147	156842267	528.0	0.275000	0.081667	1.06117
chr1	156842207	156842327	528.0	0.283333	-0.006666	1.02379
chr1	156842267	156842387	396.0	0.275000	0.001667	0.982619
chr1	156842327	156842447	276.0	0.250000	0.08	0.984157
chr1	156842747	156842867	120.0	0.483333	0.053334	1.04422
chr1	156842987	156843107	372.0	0.416667	0.046666	0.97562
chr1	156843047	156843167	492.0	0.475000	-0.061667	1.02958
chr1	156843107	156843227	528.0	0.433333	-0.013333	1.03348
chr1	156843167	156843287	528.0	0.341667	0.111666	1.01641
chr1	156843227	156843347	528.0	0.441667	0.071666	0.996511
chr1	156843287	156843407	425.2	0.625000	-0.081667	0.978952
chr1	156843347	156843467	425.2	0.658333	-0.055	0.947088
chr1	156843424	156843544	521.2	0.641667	-0.005	0.988541
chr1	156843484	156843604	521.2	0.616667	0.02	1.02125
chr1	156843544	156843664	528.0	0.616667	0.003333	1.006
chr1	156843604	156843724	421.2	0.633333	-0.01	1.00905
chr1	156843664	156843784	421.2	0.650000	-0.023333	1.01546
chr1	156843751	156843871	517.2	0.600000	0.013333	0.990617
chr1	156843811	156843931	517.2	0.583333	0.023334	0.963571
chr1	156843871	156843991	528.0	0.616667	-0.023334	1.00456
chr1	156843931	156844051	528.0	0.600000	0	1.00705
chr1	156843991	156844111	528.0	0.591667	0.005	1.00477
chr1	156844051	156844171	528.0	0.583333	0.026667	1.00243
chr1	156844111	156844231	528.0	0.608333	0.005	0.995232
chr1	156844171	156844291	528.0	0.633333	-0.026666	1.00064
chr1	156844231	156844351	396.0	0.633333	-0.046666	1.00561
chr1	156844291	156844411	276.0	0.583333	-0.006666	0.999846
chr1	156844697	156844817	240.0	0.575000	-0.015	1.03986
chr1	156844800	156844920	492.0	0.591667	-0.028334	1.10659
chr1	156844860	156844980	492.0	0.566667	-0.006667	1.13079
chr1	156844920	156845040	528.0	0.566667	0.013333	1.08926
chr1	156844980	156845100	528.0	0.600000	0.013333	1.02825
chr1	156845040	156845160	528.0	0.633333	-0.01	0.974774
chr1	156845100	156845220	528.0	0.650000	-0.02	0.940652
chr1	156845160	156845280	396.0	0.641667	0.005	0.927963
chr1	156845220	156845340	276.0	0.666667	-0.023334	0.964647
chr1	156845862	156845982	240.0	0.625000	0.015	0.960288
chr1	156845922	156846042	240.0	0.641667	0.005	0.986821
chr1	156848913	156849033	372.0	0.683333	-0.063333	1.05204
chr1	156848973	156849093	492.0	0.666667	-0.066667	1.09367
chr1	156849033	156849153	396.0	0.550000	0.053333	1.09531
chr1	156849093	156849213	276.0	0.516667	0.053333	1.04394
chr1	156849790	156849910	240.0	0.633333	0.003334	1.01215
chr1	156849850	156849970	240.0	0.625000	0.008333	1.00187
chr10	43595906	43596026	372.0	0.633333	-0.083333	0.991848
chr10	43595966	43596086	492.0	0.666667	-0.056667	0.961826
chr10	43596026	43596146	396.0	0.608333	0.031667	0.924554
chr10	43596086	43596206	276.0	0.641667	0.008333	0.923527
chr10	43597789	43597909	372.0	0.600000	0.03	1.05068
chr10	43597849	43597969	492.0	0.625000	-0.005	1.05296
chr10	43597909	43598029	396.0	0.658333	-0.028333	1.06737
chr10	43597969	43598089	276.0	0.641667	-0.035	1.07247
chr10	43601823	43601943	372.0	0.658333	-0.021666	1.06878
chr10	43601883	43602003	360.0	0.691667	-0.048334	1.09413
chr10	43601943	43602063	276.0	0.641667	0.001666	1.03322
chr10	43604478	43604598	372.0	0.616667	0	1.00243
chr10	43604538	43604658	360.0	0.625000	-0.008333	0.995742
chr10	43604598	43604718	276.0	0.608333	0.018334	1.04502
chr10	43606654	43606774	372.0	0.566667	0.026666	0.962931
chr10	43606714	43606834	492.0	0.616667	-0.02	1.00738
chr10	43606774	43606894	424.4	0.625000	0.001667	1.04168
chr10	43606834	43606954	424.4	0.658333	-0.031666	1.03732
chr10	43606913	43607033	520.4	0.641667	-0.068334	1.00269
chr10	43606973	43607093	520.4	0.533333	-0.003333	1.00641
chr10	43607033	43607153	528.0	0.425000	0.085	0.994589
chr10	43607093	43607213	528.0	0.425000	0.058333	1.0224
chr10	43607153	43607273	528.0	0.475000	-0.001667	1.02492
chr10	43607213	43607333	528.0	0.516667	0.013333	1.02723
chr10	43607273	43607393	528.0	0.608333	-0.031666	1.00961
chr10	43607333	43607453	528.0	0.641667	-0.031667	0.97826
chr10	43607393	43607513	396.0	0.658333	-0.011666	0.958086
chr10	43607453	43607573	276.0	0.691667	-0.025	0.969852
chr10	43609123	43609243	372.0	0.625000	-0.015	0.930654
chr10	43609183	43609303	492.0	0.616667	-0.03	0.958981
chr10	43609243	43609363	528.0	0.558333	0.005	0.939883
chr10	43609303	43609423	528.0	0.516667	0.046666	0.911941
chr10	43609363	43609483	528.0	0.558333	-0.045	0.930602
chr10	43609423	43609543	528.0	0.483333	0.01	0.972083
chr10	43609483	43609603	528.0	0.416667	0.096666	0.967441
chr10	43609543	43609663	528.0	0.483333	0.023334	0.925271
chr10	43609603	43609723	528.0	0.566667	-0.053334	0.914018
chr10	43609663	43609783	528.0	0.558333	0.011667	0.936628
chr10	43609723	43609843	528.0	0.616667	-0.003334	0.971006
chr10	43609783	43609903	422.4	0.666667	-0.05	0.969978
chr10	43609843	43609963	422.4	0.658333	-0.028333	1.00556
chr10	43609927	43610047	518.4	0.591667	0.051666	0.996588
chr10	43609987	43610107	518.4	0.616667	0.013333	0.948829
chr10	43610047	43610167	425.2	0.675000	-0.031667	0.928399
chr10	43610107	43610227	425.2	0.666667	-0.01	0.958058
chr10	43610184	43610304	521.2	0.700000	-0.05	1.01592
chr10	43610244	43610364	521.2	0.658333	-0.008333	1.02589
chr10	43610304	43610424	528.0	0.616667	0.026666	1.02658
chr10	43610364	43610484	528.0	0.608333	0.028334	1.04279
chr10	43610424	43610544	528.0	0.625000	0.011667	1.03138
chr10	43610484	43610604	528.0	0.666667	-0.04	1.02056
chr10	43610544	43610664	528.0	0.625000	-0.005	1.04955
chr10	43610604	43610724	528.0	0.566667	0.07	1.03692
chr10	43610664	43610784	528.0	0.641667	-0.005	0.990897
chr10	43610724	43610844	528.0	0.666667	-0.036667	1.04901
chr10	43610784	43610904	528.0	0.658333	-0.011666	1.08626
chr10	43610844	43610964	528.0	0.658333	-0.028333	1.10952
chr10	43610904	43611024	528.0	0.616667	0.01	1.11746
chr10	43610964	43611084	528.0	0.591667	0.015	1.07809
chr10	43611024	43611144	528.0	0.608333	-0.031666	1.09249
chr10	43611084	43611204	528.0	0.566667	-0.003334	1.08098
chr10	43611144	43611264	528.0	0.483333	0.09	1.0535
chr10	43611204	43611324	528.0	0.541667	0.028333	1.07309
chr10	43611264	43611384	528.0	0.641667	-0.065	1.08585
chr10	43611324	43611444	528.0	0.633333	-0.026666	1.07673
chr10	43611384	43611504	528.0	0.625000	0.008333	1.0837
chr10	43611444	43611564	528.0	0.616667	0.016666	1.08068
chr10	43611504	43611624	528.0	0.633333	-0.026666	1.08232
chr10	43611564	43611684	528.0	0.616667	-0.003334	1.0493
chr10	43611624	43611744	528.0	0.558333	0.038334	1.01648
chr10	43611684	43611804	528.0	0.591667	0.005	1.01871
chr10	43611744	43611864	528.0	0.608333	-0.025	0.994435
chr10	43611804	43611924	528.0	0.625000	-0.028333	0.94965
chr10	43611864	43611984	396.0	0.591667	-0.028334	0.964595
chr10	43611924	43612044	276.0	0.516667	0.033333	0.99741
chr10	43614978	43615098	372.0	0.683333	0	1.02112
chr10	43615038	43615158	360.0	0.658333	0.015	1.03015
chr10	43615098	43615218	276.0	0.600000	0.066667	1.00556
chr10	89624177	89624297	240.0	0.458333	0.065	0.901199
chr10	89624237	89624357	240.0	0.425000	0.041667	0.958442
chr10	89653746	89653866	120.0	0.325000	-0.035	0.920401
chr10	89685210	89685330	240.0	0.266667	-0.006667	0.937754
chr10	89685269	89685389	240.0	0.266667	0.01	1.01458
chr10	89690802	89690922	120.0	0.341667	-0.061667	0.982388
chr10	89692735	89692855	120.0	0.366667	-0.016667	0.96521
chr10	89692915	89693035	120.0	0.350000	0.01	0.942627
chr10	89702308	89702428	120.0	0.333333	0.023334	0.963085
chr10	89702490	89702610	120.0	0.225000	0.061667	1.03804
chr10	89711874	89711994	240.0	0.383333	-0.016666	0.911351
chr10	89711934	89712054	240.0	0.400000	-0.046667	0.933524
chr10	89717638	89717758	240.0	0.450000	-0.076667	0.989821
chr10	89717698	89717818	240.0	0.383333	-0.006666	1.00712
chr10	89720591	89720711	240.0	0.275000	-0.001667	0.925502
chr10	89720698	89720818	360.0	0.333333	-0.02	1.01282
chr10	89720758	89720878	240.0	0.333333	0.013334	0.988464
chr10	89724984	89725104	240.0	0.358333	-0.025	0.953087
chr10	89725098	89725218	360.0	0.366667	-0.03	0.783891
chr10	89725158	89725278	240.0	0.316667	0.033333	0.840725
chr10	123239045	123239165	240.0	0.525000	-0.118333	1.01558
chr10	123239105	123239225	240.0	0.491667	-0.041667	1.03717
chr10	123239321	123239441	372.0	0.508333	-0.048333	1.03345
chr10	123239381	123239501	480.0	0.450000	0.02	1.03909
chr10	123239441	123239561	516.0	0.416667	0.03	1.01297
chr10	123239494	123239614	612.0	0.458333	-0.011666	1.03973
chr10	123239554	123239674	612.0	0.400000	0.07	1.0372
chr10	123239614	123239734	528.0	0.466667	0.003333	1.02717
chr10	123239674	123239794	528.0	0.583333	-0.106666	1.0213
chr10	123239734	123239854	528.0	0.466667	0.023333	0.981388
chr10	123239794	123239914	528.0	0.433333	0.076667	0.948088
chr10	123239854	123239974	528.0	0.525000	-0.081667	0.965801
chr10	123239914	123240034	528.0	0.475000	-0.051667	1.003
chr10	123239974	123240094	528.0	0.366667	0.046666	1.00241
chr10	123240034	123240154	528.0	0.341667	0.025	1.03981
chr10	123240094	123240214	528.0	0.350000	0	1.01728
chr10	123240154	123240274	528.0	0.325000	0.091667	0.922631
chr10	123240214	123240334	528.0	0.433333	0.006667	0.918325
chr10	123240274	123240394	528.0	0.566667	-0.166667	0.949189
chr10	123240334	123240454	528.0	0.458333	-0.075	0.954932
chr10	123240394	123240514	528.0	0.233333	0.146667	0.957058
chr10	123240454	123240574	528.0	0.233333	0.13	0.997847
chr10	123240514	123240634	528.0	0.425000	-0.068333	1.02884
chr10	123240574	123240694	528.0	0.500000	-0.06	1.04302
chr10	123240634	123240754	528.0	0.508333	-0.025	1.04925
chr10	123240694	123240814	528.0	0.491667	-0.011667	1.00174
chr10	123240754	123240874	528.0	0.466667	0.01	0.988156
chr10	123240814	123240934	528.0	0.458333	0.025	0.955163
chr10	123240874	123240994	528.0	0.466667	-0.016667	0.961085
chr10	123240934	123241054	528.0	0.458333	-0.038333	0.993666
chr10	123240994	123241114	528.0	0.375000	0.031667	0.989541
chr10	123241054	123241174	528.0	0.341667	0.035	0.993564
chr10	123241114	123241234	528.0	0.316667	0.013333	1.01743
chr10	123241174	123241294	528.0	0.308333	-0.008333	1.04863
chr10	123241234	123241354	396.0	0.291667	0.071666	1.0322
chr10	123241294	123241414	276.0	0.358333	0.055	1.03435
chr10	123241594	123241714	492.0	0.483333	-0.026666	0.968363
chr10	123241636	123241756	508.8	0.383333	0.073334	1.01738
chr10	123241654	123241774	612.0	0.341667	0.101666	1.0301
chr10	123241714	123241834	648.0	0.391667	0.025	1.03094
chr10	123241774	123241894	556.8	0.458333	-0.095	1.05909
chr10	123241834	123241954	528.0	0.366667	-0.02	1.06053
chr10	123241894	123242014	528.0	0.241667	0.105	1.01666
chr10	123241954	123242074	528.0	0.300000	0.013333	1.05284
chr10	123242014	123242134	528.0	0.325000	-0.031667	1.05883
chr10	123242074	123242194	528.0	0.316667	0.023333	1.04504
chr10	123242134	123242254	528.0	0.375000	-0.038333	1.06209
chr10	123242194	123242314	396.0	0.366667	0.003333	1.06255
chr10	123242254	123242374	276.0	0.391667	0.041666	1.02856
chr10	123242554	123242674	372.0	0.341667	0.051666	0.985898
chr10	123242614	123242734	492.0	0.291667	0.088333	1.01479
chr10	123242674	123242794	528.0	0.375000	-0.031667	1.04181
chr10	123242734	123242854	528.0	0.383333	0.01	1.06552
chr10	123242794	123242914	528.0	0.391667	0.068333	1.04148
chr10	123242854	123242974	528.0	0.500000	-0.053333	1.01254
chr10	123242914	123243034	528.0	0.541667	-0.088334	1.00028
chr10	123242974	123243094	528.0	0.425000	0.048333	0.990464
chr10	123243034	123243154	396.0	0.408333	0.048334	1.00549
chr10	123243094	123243214	396.0	0.466667	-0.023334	1.03861
chr10	123243202	123243322	240.0	0.491667	-0.041667	1.03089
chr10	123244908	123245028	240.0	0.516667	0.006666	0.927323
chr10	123244968	123245088	240.0	0.541667	-0.021667	0.92117
chr10	123246867	123246987	120.0	0.391667	0.021666	0.989848
chr10	123247504	123247624	240.0	0.350000	0.053333	0.994333
chr10	123247564	123247684	240.0	0.325000	0.025	0.981644
chr10	123256045	123256165	372.0	0.525000	-0.041667	0.964084
chr10	123256105	123256225	360.0	0.533333	-0.03	0.911197
chr10	123256165	123256285	276.0	0.533333	-0.053333	0.887894
chr10	123258008	123258128	120.0	0.416667	0.003333	0.935499
chr10	123260339	123260459	240.0	0.566667	-0.053334	0.98695
chr10	123260399	123260519	240.0	0.533333	-0.026666	0.981951
chr10	123263303	123263423	240.0	0.541667	-0.051667	0.974544
chr10	123263363	123263483	240.0	0.533333	-0.003333	0.976593
chr10	123274630	123274750	372.0	0.541667	-0.048334	0.945882
chr10	123274690	123274810	360.0	0.491667	-0.005	0.979029
chr10	123274750	123274870	276.0	0.483333	0.03	1.04217
chr10	123276832	123276952	264.8	0.441667	0.001666	1.01038
chr10	123276892	123277012	360.0	0.450000	0.05	1.05765
chr10	123276980	123277100	264.8	0.575000	-0.015	1.05168
chr10	123278195	123278315	240.0	0.508333	-0.055	1.01946
chr10	123278255	123278375	240.0	0.466667	-0.013334	1.05934
chr10	123279492	123279612	372.0	0.541667	0.011666	0.981875
chr10	123279552	123279672	360.0	0.591667	-0.038334	0.960596
chr10	123279612	123279732	276.0	0.616667	-0.07	0.92017
chr10	123285668	123285788	120.0	0.425000	-0.001667	0.961085
chr10	123286242	123286362	120.0	0.466667	0.04	1.03725
chr10	123297858	123297978	120.0	0.441667	-0.025	1.02956
chr10	123298105	123298225	240.0	0.475000	-0.021667	1.00454
chr10	123298165	123298285	240.0	0.416667	0.013333	1.03156
chr10	123310803	123310923	240.0	0.583333	-0.14	1.02
chr10	123310863	123310983	240.0	0.566667	-0.09	0.982745
chr10	123323958	123324078	240.0	0.516667	-0.023334	0.957649
chr10	123324018	123324138	240.0	0.425000	0.041667	0.956957
chr10	123324951	123325071	372.0	0.500000	0.003333	0.921887
chr10	123325011	123325131	492.0	0.558333	-0.018333	0.96593
chr10	123325071	123325191	396.0	0.583333	-0.03	0.983849
chr10	123325131	123325251	276.0	0.550000	-0.013333	0.973928
chr10	123353222	123353342	240.0	0.558333	-0.055	0.961162
chr10	123353282	123353402	240.0	0.541667	-0.001667	0.970237
chr10	123353479	123353599	372.0	0.441667	0.065	0.982745
chr10	123353539	123353659	492.0	0.458333	0.005	0.997462
chr10	123353599	123353719	528.0	0.408333	0.038334	1.01443
chr10	123353659	123353779	528.0	0.391667	0.048333	1.03689
chr10	123353719	123353839	528.0	0.508333	-0.055	0.981668
chr10	123353779	123353899	528.0	0.483333	-0.006666	0.922988
chr10	123353839	123353959	528.0	0.466667	0.026666	0.955471
chr10	123353899	123354019	528.0	0.533333	-0.063333	0.997665
chr10	123353959	123354079	528.0	0.500000	-0.013333	1.00546
chr10	123354019	123354139	528.0	0.425000	0.068333	0.964493
chr10	123354079	123354199	528.0	0.466667	0.01	0.991796
chr10	123354139	123354259	528.0	0.500000	-0.083333	0.982696
chr10	123354199	123354319	528.0	0.433333	-0.023333	0.945753
chr10	123354259	123354379	528.0	0.308333	0.075	0.940935
chr10	123354319	123354439	528.0	0.308333	0.035	0.948703
chr10	123354379	123354499	528.0	0.341667	-0.031667	0.991233
chr10	123354439	123354559	528.0	0.341667	0.021666	1.07242
chr10	123354499	123354619	528.0	0.375000	-0.005	1.05447
chr10	123354559	123354679	528.0	0.441667	-0.058334	0.999665
chr10	123354619	123354739	528.0	0.391667	0.011666	1.00728
chr10	123354679	123354799	528.0	0.350000	0.056667	1.01951
chr10	123354739	123354859	528.0	0.416667	-0.01	1.04271
chr10	123354799	123354919	528.0	0.416667	0.016666	1.0474
chr10	123354859	123354979	528.0	0.450000	-0.01	1.03748
chr10	123354919	123355039	528.0	0.508333	-0.081666	0.994001
chr10	123354979	123355099	528.0	0.450000	-0.02	0.973621
chr10	123355039	123355159	528.0	0.358333	0.071667	0.963518
chr10	123355099	123355219	528.0	0.366667	0.1	0.951751
chr10	123355159	123355279	528.0	0.500000	-0.006667	0.937115
chr10	123355219	123355339	528.0	0.641667	-0.108334	0.933245
chr10	123355279	123355399	528.0	0.583333	-0.003333	0.973824
chr10	123355339	123355459	528.0	0.558333	0.041667	1.00715
chr10	123355399	123355519	528.0	0.583333	0	1.02266
chr10	123355459	123355579	528.0	0.566667	-0.006667	1.0544
chr10	123355519	123355639	528.0	0.583333	-0.013333	1.06517
chr10	123355579	123355699	528.0	0.541667	0.045	1.04296
chr10	123355639	123355759	528.0	0.600000	0.003333	1.0606
chr10	123355699	123355819	528.0	0.633333	-0.046666	1.02656
chr10	123355759	123355879	528.0	0.600000	0.006667	1.01215
chr10	123355819	123355939	528.0	0.608333	-0.015	1.02638
chr10	123355879	123355999	528.0	0.583333	-0.016666	0.971237
chr10	123355939	123356059	528.0	0.541667	0.018333	0.933601
chr10	123355999	123356119	528.0	0.541667	-0.001667	0.923554
chr10	123356059	123356179	528.0	0.500000	0.043333	0.980466
chr10	123356119	123356239	528.0	0.483333	0.043334	1.03197
chr10	123356179	123356299	528.0	0.558333	-0.051666	1.04904
chr10	123356239	123356359	528.0	0.533333	-0.063333	1.06947
chr10	123356299	123356419	528.0	0.458333	0.015	1.06442
chr10	123356359	123356479	528.0	0.433333	0.006667	1.07193
chr10	123356419	123356539	528.0	0.425000	0.028333	1.03661
chr10	123356479	123356599	528.0	0.416667	0.1	1.02774
chr10	123356539	123356659	528.0	0.550000	0.026667	1.01179
chr10	123356599	123356719	528.0	0.725000	-0.125	0.983182
chr10	123356659	123356779	528.0	0.725000	-0.081667	0.974467
chr10	123356719	123356839	528.0	0.650000	0.056667	0.980515
chr10	123356779	123356899	528.0	0.633333	0.07	1.01525
chr10	123356839	123356959	528.0	0.733333	-0.026666	1.05224
chr10	123356899	123357019	528.0	0.800000	-0.083333	1.0414
chr10	123356959	123357079	528.0	0.683333	0.05	1.01756
chr10	123357019	123357139	528.0	0.675000	0.035	1.01148
chr10	123357079	123357199	528.0	0.733333	-0.056666	1.02046
chr10	123357139	123357259	528.0	0.666667	-0.003334	1.01761
chr10	123357199	123357319	528.0	0.633333	0.05	1.02551
chr10	123357259	123357379	528.0	0.641667	0.055	1.03433
chr10	123357319	123357439	396.0	0.733333	-0.046666	1.02169
chr10	123357379	123357499	276.0	0.750000	-0.053333	1.01225
chr12	25362679	25362799	240.0	0.266667	0.023333	0.984849
chr12	25362739	25362859	240.0	0.316667	-0.046667	1.00308
chr12	25368325	25368445	240.0	0.316667	0.02	0.956163
chr12	25368385	25368505	240.0	0.366667	-0.013334	1.02897
chr12	25378510	25378630	146.4	0.358333	-0.048333	1.01387
chr12	25378654	25378774	146.4	0.341667	-0.011667	1.03768
chr12	25380108	25380228	240.0	0.241667	0.078333	0.949164
chr12	25380199	25380319	360.0	0.458333	-0.091666	0.966185
chr12	25380305	25380425	240.0	0.383333	0.033334	1.04778
chr12	25388090	25388210	120.0	0.275000	0.061667	0.912864
chr12	25398181	25398301	372.0	0.391667	-0.055	0.959393
chr12	25398241	25398361	360.0	0.375000	-0.041667	0.979207
chr12	25398301	25398421	276.0	0.283333	0.05	0.965263
chr13	48877999	48878119	372.0	0.766667	-0.053334	0.954855
chr13	48878059	48878179	360.0	0.775000	0.001667	0.994463
chr13	48878119	48878239	276.0	0.758333	0.025	1.01561
chr13	48881415	48881535	240.0	0.383333	-0.09	1.03604
chr13	48881475	48881595	240.0	0.325000	-0.031667	1.04127
chr13	48916734	48916854	240.0	0.366667	-0.053334	1.03243
chr13	48916794	48916914	240.0	0.350000	-0.016667	1.03427
chr13	48919215	48919335	240.0	0.316667	-0.046667	0.930784
chr13	48919275	48919395	240.0	0.300000	-0.02	0.939652
chr13	48921960	48922080	240.0	0.300000	-0.02	0.943522
chr13	48922020	48922140	240.0	0.283333	0.013334	0.970723
chr13	48923032	48923152	360.0	0.266667	-0.006667	1.03884
chr13	48923091	48923211	360.0	0.225000	0.058333	1.06209
chr13	48923151	48923271	360.0	0.275000	0.001667	1.01815
chr13	48934152	48934272	240.0	0.341667	-0.005	0.962546
chr13	48934212	48934332	240.0	0.341667	-0.011667	1.00669
chr13	48936891	48937011	480.0	0.375000	-0.065	1.01948
chr13	48936950	48937070	480.0	0.408333	-0.098333	1.00954
chr13	48937010	48937130	480.0	0.283333	0.036667	0.967161
chr13	48939029	48939149	120.0	0.250000	0.046667	0.980567
chr13	48941570	48941690	240.0	0.291667	-0.008334	1.02264
chr13	48941629	48941749	240.0	0.283333	0.013334	1.09067
chr13	48942662	48942782	240.0	0.308333	-0.001666	1.03909
chr13	48942722	48942842	240.0	0.275000	0.085	1.02543
chr13	48947540	48947660	240.0	0.275000	0.005	0.935346
chr13	48947600	48947720	240.0	0.233333	0.016667	0.914682
chr13	48950994	48951114	360.0	0.325000	0.001667	0.983643
chr13	48951053	48951173	360.0	0.375000	-0.055	1.02679
chr13	48951113	48951233	360.0	0.341667	0.001666	1.06101
chr13	48953670	48953790	240.0	0.316667	0.113333	1.00966
chr13	48953727	48953847	240.0	0.425000	-0.025	1.02925
chr13	48954129	48954249	240.0	0.200000	0.05	1.00815
chr13	48954188	48954308	360.0	0.191667	0.038333	1.04055
chr13	48954300	48954420	240.0	0.308333	-0.025	0.994973
chr13	48955382	48955502	372.0	0.333333	-0.016666	0.937576
chr13	48955442	48955562	360.0	0.308333	0.011667	0.955086
chr13	48955502	48955622	276.0	0.350000	-0.026667	1.00187
chr13	49027069	49027189	360.0	0.333333	-0.01	0.998742
chr13	49027128	49027248	360.0	0.391667	-0.065	1.01335
chr13	49027188	49027308	360.0	0.350000	-0.04	1.01487
chr13	49030280	49030400	480.0	0.325000	0.028333	1.01648
chr13	49030339	49030459	480.0	0.425000	-0.051667	1.02848
chr13	49030399	49030519	480.0	0.400000	-0.026667	0.961623
chr13	49033764	49033884	480.0	0.383333	0	0.957803
chr13	49033823	49033943	480.0	0.466667	-0.086667	0.949137
chr13	49033883	49034003	480.0	0.441667	-0.061667	0.943396
chr13	49037807	49037927	360.0	0.258333	0.038334	0.98708
chr13	49037866	49037986	360.0	0.350000	-0.07	1.02366
chr13	49037926	49038046	360.0	0.325000	-0.058333	1.07283
chr13	49039074	49039194	240.0	0.225000	0.041667	0.997616
chr13	49039133	49039253	240.0	0.358333	-0.071666	1.0292
chr13	49039340	49039460	240.0	0.450000	-0.056667	0.980004
chr13	49039400	49039520	240.0	0.416667	-0.04	0.951367
chr13	49047436	49047556	360.0	0.275000	0.021667	0.991026
chr13	49047495	49047615	360.0	0.258333	0.008334	1.01277
chr13	49047555	49047675	360.0	0.266667	0.003333	0.980207
chr13	49050836	49050956	240.0	0.400000	-0.006667	0.887048
chr13	49050896	49051016	240.0	0.425000	-0.021667	0.931654
chr13	49051490	49051610	120.0	0.341667	-0.048334	0.988873
chr13	49054133	49054253	240.0	0.425000	-0.025	0.998025
chr13	49054193	49054313	240.0	0.425000	-0.038333	1.00723
chr17	7572877	7572997	240.0	0.516667	0.003333	0.94232
chr17	7572937	7573057	240.0	0.500000	0.026667	1.01877
chr17	7573867	7573987	360.0	0.633333	-0.073333	0.953164
chr17	7573926	7574046	360.0	0.616667	-0.09	0.992358
chr17	7573986	7574106	360.0	0.483333	-0.003333	1.0222
chr17	7576793	7576913	240.0	0.458333	0.018334	1.02166
chr17	7576852	7576972	240.0	0.475000	0.018333	1.10941
chr17	7577018	7577138	240.0	0.608333	-0.088333	1.15248
chr17	7577078	7577198	240.0	0.516667	0.026666	1.08714
chr17	7577439	7577559	360.0	0.633333	-0.06	0.963008
chr17	7577498	7577618	360.0	0.525000	0.035	0.970031
chr17	7577558	7577678	360.0	0.558333	0.001667	1.00925
chr17	7578117	7578237	240.0	0.541667	-0.021667	1.01884
chr17	7578176	7578296	240.0	0.508333	0.061667	1.05104
chr17	7578370	7578490	372.0	0.641667	-0.028334	0.994487
chr17	7578430	7578550	360.0	0.633333	-0.056666	1.01
chr17	7578490	7578610	276.0	0.516667	0.046666	1.01853
chr17	7579311	7579431	372.0	0.591667	0.005	0.959008
chr17	7579371	7579491	492.0	0.683333	-0.083333	0.99605
chr17	7579431	7579551	528.0	0.625000	-0.025	1.04878
chr17	7579491	7579611	396.0	0.516667	0.113333	1.06693
chr17	7579551	7579671	300.8	0.625000	-0.055	1.06509
chr17	7579699	7579819	173.2	0.566667	0.026666	0.970775
chr17	7579838	7579958	268.4	0.558333	0.031667	0.994155
chr17	7579898	7580018	240.0	0.616667	-0.056667	1.03025
chr17	37855763	37855883	120.0	0.450000	-0.036667	0.96011
chr17	37856442	37856562	240.0	0.758333	0.031667	1.03827
chr17	37856502	37856622	240.0	0.750000	0.006667	1.04327
chr17	37863210	37863330	372.0	0.641667	-0.011667	0.932783
chr17	37863270	37863390	360.0	0.641667	0.008333	0.928679
chr17	37863330	37863450	276.0	0.666667	-0.06	0.922887
chr17	37864573	37864693	372.0	0.600000	0.02	0.930731
chr17	37864633	37864753	360.0	0.608333	-0.011666	0.953803
chr17	37864693	37864813	276.0	0.600000	-0.016667	0.976568
chr17	37865570	37865690	240.0	0.516667	0.046666	0.960879
chr17	37865630	37865750	240.0	0.550000	0.033333	1.03673
chr17	37866065	37866185	120.0	0.650000	-0.06	1.01615
chr17	37866338	37866458	120.0	0.666667	-0.023334	0.941498
chr17	37866592	37866712	240.0	0.600000	-0.02	0.993718
chr17	37866652	37866772	240.0	0.533333	0.026667	1.01335
chr17	37867078	37867198	120.0	0.383333	0.066667	0.95388
chr17	37867738	37867858	372.0	0.500000	0.023333	0.998231
chr17	37867798	37867918	492.0	0.533333	-0.05	1.0325
chr17	37867858	37867978	528.0	0.458333	0.035	0.975851
chr17	37867918	37868038	528.0	0.466667	0.006666	0.964878
chr17	37867978	37868098	528.0	0.441667	0.031666	0.97303
chr17	37868038	37868158	423.2	0.500000	-0.006667	0.98995
chr17	37868098	37868218	396.0	0.558333	-0.018333	1.01654
chr17	37868180	37868300	267.2	0.591667	-0.001667	0.989565
chr17	37868574	37868694	240.0	0.550000	0.033333	0.981182
chr17	37868634	37868754	240.0	0.550000	0.013333	1.02976
chr17	37871538	37871658	120.0	0.600000	0.003333	1.00782
chr17	37871698	37871818	120.0	0.550000	0.016667	0.934423
chr17	37871992	37872112	372.0	0.641667	-0.025	0.965469
chr17	37872052	37872172	388.0	0.616667	0.026666	0.9335
chr17	37872112	37872232	424.0	0.641667	-0.008334	0.938244
chr17	37872192	37872312	520.0	0.633333	-0.006666	0.972209
chr17	37872252	37872372	520.0	0.608333	0.005	1.01433
chr17	37872312	37872432	528.0	0.558333	0.051667	1.07122
chr17	37872372	37872492	528.0	0.608333	0.015	1.09606
chr17	37872432	37872552	431.6	0.658333	-0.021666	1.09411
chr17	37872492	37872612	431.6	0.691667	-0.038334	1.10075
chr17	37872553	37872673	395.6	0.700000	-0.033333	1.07996
chr17	37872613	37872733	275.6	0.658333	0.005	1.05832
chr17	37872767	37872887	120.0	0.616667	0.006666	1.10134
chr17	37873572	37873692	372.0	0.600000	-0.003333	0.964417
chr17	37873632	37873752	360.0	0.575000	-0.015	1.02446
chr17	37873692	37873812	276.0	0.541667	-0.078334	1.02097
chr17	37876039	37876159	120.0	0.633333	-0.053333	0.978669
chr17	37879571	37879691	240.0	0.583333	0.06	0.92604
chr17	37879631	37879751	240.0	0.625000	0.025	0.997385
chr17	37879790	37879910	240.0	0.600000	0.073333	0.962057
chr17	37879850	37879970	240.0	0.641667	0.015	0.952982
chr17	37880164	37880284	120.0	0.500000	0.03	0.968671
chr17	37880978	37881098	372.0	0.575000	0.015	0.987156
chr17	37881038	37881158	360.0	0.583333	0.006667	0.976746
chr17	37881098	37881218	276.0	0.591667	0.005	0.935629
chr17	37881301	37881421	240.0	0.591667	0.001666	1.05627
chr17	37881361	37881481	240.0	0.541667	0.031666	1.01338
chr17	37881579	37881699	120.0	0.616667	0	1.005
chr17	37881959	37882079	240.0	0.625000	-0.028333	0.99318
chr17	37882019	37882139	240.0	0.608333	-0.015	1.00256
chr17	37882814	37882934	120.0	0.575000	0.038333	0.950343
chr17	37883067	37883187	372.0	0.600000	0.033333	0.953443
chr17	37883127	37883247	360.0	0.650000	-0.03	0.984259
chr17	37883187	37883307	276.0	0.658333	-0.075	1.0112
chr17	37883547	37883667	372.0	0.641667	-0.031667	1.03484
chr17	37883607	37883727	492.0	0.625000	-0.001667	1.04058
chr17	37883667	37883787	426.8	0.641667	-0.001667	1.0122
chr17	37883727	37883847	426.8	0.633333	-0.02	0.999895
chr17	37883800	37883920	418.4	0.616667	0.01	1.02251
chr17	37883860	37883980	418.4	0.591667	0.038333	1.05296
chr17	37883941	37884061	519.6	0.641667	-0.018334	1.0282
chr17	37884001	37884121	519.6	0.591667	0.018333	1.05378
chr17	37884061	37884181	528.0	0.633333	0.003334	1.07885
chr17	37884121	37884241	528.0	0.666667	-0.056667	1.04865
chr17	37884181	37884301	396.0	0.600000	0.036667	1.03712
chr17	37884241	37884361	276.0	0.591667	0.018333	1.03263
chr2	29416040	29416160	372.0	0.541667	-0.035	1.05386
chr2	29416100	29416220	492.0	0.508333	0.041667	1.06147
chr2	29416160	29416280	528.0	0.533333	0.026667	1.06281
chr2	29416220	29416340	528.0	0.566667	-0.026667	1.01687
chr2	29416280	29416400	528.0	0.558333	-0.021666	0.984849
chr2	29416340	29416460	528.0	0.525000	0.031667	0.979823
chr2	29416400	29416520	528.0	0.533333	0.013334	1.00328
chr2	29416460	29416580	528.0	0.566667	-0.006667	0.987027
chr2	29416520	29416640	528.0	0.608333	-0.015	0.979207
chr2	29416580	29416700	528.0	0.625000	-0.041667	0.971237
chr2	29416640	29416760	396.0	0.575000	-0.048333	0.967364
chr2	29416700	29416820	276.0	0.475000	0.008333	0.979466
chr2	29446392	29446512	372.0	0.600000	-0.103333	0.930679
chr2	29446452	29446572	492.0	0.416667	0.023333	0.972775
chr2	29446512	29446632	528.0	0.225000	0.171667	0.965699
chr2	29446572	29446692	528.0	0.333333	0.053334	0.997948
chr2	29446632	29446752	528.0	0.450000	-0.02	1.03789
chr2	29446692	29446812	528.0	0.500000	-0.013333	1.05345
chr2	29446752	29446872	528.0	0.583333	-0.053333	1.07303
chr2	29446812	29446932	528.0	0.583333	-0.026666	1.09218
chr2	29446872	29446992	528.0	0.550000	-0.013333	1.0272
chr2	29446932	29447052	528.0	0.500000	0.013333	0.990513
chr2	29446992	29447112	528.0	0.458333	0.048334	1.01138
chr2	29447052	29447172	528.0	0.483333	0.03	1.02961
chr2	29447112	29447232	528.0	0.525000	-0.048333	1.02523
chr2	29447172	29447292	528.0	0.533333	-0.066666	1.01025
chr2	29447232	29447352	528.0	0.441667	0.015	1.0281
chr2	29447292	29447412	528.0	0.391667	0.085	1.0214
chr2	29447352	29447472	528.0	0.500000	-0.04	1.03594
chr2	29447412	29447532	528.0	0.541667	-0.071667	1.05271
chr2	29447472	29447592	528.0	0.458333	0.035	1.01169
chr2	29447532	29447652	528.0	0.450000	0.093333	0.987233
chr2	29447592	29447712	528.0	0.558333	-0.025	0.978927
chr2	29447652	29447772	528.0	0.608333	-0.051666	0.964263
chr2	29447712	29447832	528.0	0.575000	-0.005	1.00969
chr2	29447772	29447892	528.0	0.516667	0.056666	1.07109
chr2	29447832	29447952	528.0	0.525000	0.035	1.08378
chr2	29447892	29448012	528.0	0.583333	-0.013333	1.07645
chr2	29447952	29448072	528.0	0.616667	-0.036667	1.02292
chr2	29448012	29448132	528.0	0.616667	-0.013334	0.983951
chr2	29448072	29448192	528.0	0.625000	-0.031667	1.00766
chr2	29448132	29448252	528.0	0.591667	0.008333	1.02233
chr2	29448192	29448312	396.0	0.583333	0.023334	0.995589
chr2	29448252	29448372	276.0	0.633333	-0.03	0.971209
chr2	29451749	29451869	372.0	0.641667	-0.038334	0.958495
chr2	29451809	29451929	360.0	0.583333	-0.006666	0.946088
chr2	29451869	29451989	276.0	0.541667	0.088333	0.930424
chr2	29455169	29455289	240.0	0.591667	0.008333	0.998923
chr2	29455229	29455349	240.0	0.600000	-0.023333	1.04899
chr2	29462545	29462665	240.0	0.608333	-0.005	0.9708
chr2	29462605	29462725	240.0	0.608333	-0.008333	1.02104
chr2	29519753	29519873	240.0	0.575000	-0.048333	1.06283
chr2	29519813	29519933	240.0	0.583333	-0.053333	1.05404
chr2	29754780	29754900	372.0	0.625000	-0.098333	1.01612
chr2	29754840	29754960	360.0	0.608333	-0.061666	1.06011
chr2	29754900	29755020	276.0	0.525000	0.011667	1.0414
chr2	29917715	29917835	240.0	0.641667	-0.085	0.997665
chr2	29917775	29917895	240.0	0.591667	-0.018334	1.02097
chr2	30142858	30142978	372.0	0.650000	-0.056667	1.02223
chr2	30142918	30143038	492.0	0.600000	0.06	0.995232
chr2	30142978	30143098	528.0	0.658333	0.018334	0.945753
chr2	30143038	30143158	528.0	0.716667	-0.016667	0.962878
chr2	30143098	30143218	528.0	0.750000	-0.026667	0.944882
chr2	30143158	30143278	528.0	0.783333	-0.076666	0.935216
chr2	30143218	30143338	528.0	0.691667	0.028333	0.972107
chr2	30143278	30143398	528.0	0.625000	0.098333	1.00154
chr2	30143338	30143458	528.0	0.733333	-0.026666	0.976106
chr2	30143398	30143518	396.0	0.775000	-0.081667	0.991719
chr2	30143458	30143578	276.0	0.700000	-0.006667	0.958649
chr2	111883157	111883277	372.0	0.500000	-0.043333	1.06517
chr2	111883217	111883337	492.0	0.541667	-0.071667	1.09849
chr2	111883277	111883397	528.0	0.500000	-0.033333	1.07785
chr2	111883337	111883457	528.0	0.416667	0.026666	1.0445
chr2	111883397	111883517	528.0	0.383333	0.033334	1.06447
chr2	111883457	111883577	528.0	0.375000	0.015	1.09298
chr2	111883517	111883637	528.0	0.400000	-0.02	1.08918
chr2	111883577	111883697	528.0	0.383333	-0.003333	1.08942
chr2	111883637	111883757	528.0	0.400000	-0.036667	1.08757
chr2	111883697	111883817	528.0	0.358333	-0.018333	1.06955
chr2	111883757	111883877	528.0	0.283333	0.05	1.00902
chr2	111883817	111883937	528.0	0.300000	0.03	1.00533
chr2	111883877	111883997	528.0	0.333333	-0.016666	1.04689
chr2	111883937	111884057	528.0	0.350000	0.016667	1.02461
chr2	111883997	111884117	528.0	0.366667	-0.013334	1.00408
chr2	111884057	111884177	528.0	0.366667	0	0.990771
chr2	111884117	111884237	528.0	0.366667	-0.003334	0.997078
chr2	111884177	111884297	528.0	0.366667	-0.016667	0.994358
chr2	111884237	111884357	528.0	0.300000	0.043333	1.00961
chr2	111884297	111884417	528.0	0.308333	0.068334	1.05335
chr2	111884357	111884477	528.0	0.433333	-0.07	1.10306
chr2	111884417	111884537	528.0	0.425000	-0.075	1.1413
chr2	111884477	111884597	528.0	0.308333	0.058334	1.13738
chr2	111884537	111884657	528.0	0.325000	0.015	1.07022
chr2	111884597	111884717	528.0	0.366667	-0.04	1.01405
chr2	111884657	111884777	528.0	0.316667	0.006666	0.967748
chr2	111884717	111884837	528.0	0.300000	0.046667	0.942858
chr2	111884777	111884897	528.0	0.341667	0.005	0.977645
chr2	111884837	111884957	528.0	0.350000	-0.003333	1.00987
chr2	111884897	111885017	528.0	0.333333	0.053334	1.04373
chr2	111884957	111885077	528.0	0.391667	0.038333	1.0504
chr2	111885017	111885137	528.0	0.525000	-0.088333	1.08321
chr2	111885077	111885197	528.0	0.533333	-0.076666	1.08478
chr2	111885137	111885257	528.0	0.458333	0.041667	1.04466
chr2	111885197	111885317	528.0	0.458333	0.008334	1.08326
chr2	111885257	111885377	528.0	0.483333	-0.066666	1.12197
chr2	111885317	111885437	528.0	0.416667	-0.043334	1.11131
chr2	111885377	111885497	396.0	0.291667	0.058333	1.09206
chr2	111885437	111885557	276.0	0.250000	0.073333	1.01915
chr2	234668510	234668630	120.0	0.375000	0.048333	1.06442
chr2	234668821	234668941	120.0	0.416667	0.066666	1.05463
chr2	234669084	234669204	120.0	0.491667	-0.005	0.974107
chr2	234669559	234669679	120.0	0.483333	0.013334	0.989488
chr3	178916564	178916684	372.0	0.408333	-0.045	0.946703
chr3	178916624	178916744	492.0	0.433333	-0.053333	0.971978
chr3	178916684	178916804	528.0	0.358333	0.041667	0.95101
chr3	178916744	178916864	528.0	0.333333	0.036667	0.946266
chr3	178916804	178916924	396.0	0.341667	0.008333	0.997511
chr3	178916864	178916984	276.0	0.366667	-0.03	1.01815
chr3	178917477	178917597	372.0	0.400000	-0.06	1.13461
chr3	178917537	178917657	360.0	0.391667	-0.051667	1.13084
chr3	178917597	178917717	276.0	0.316667	0.03	1.09331
chr3	178919077	178919197	372.0	0.366667	-0.026667	0.956058
chr3	178919137	178919257	492.0	0.366667	-0.02	0.969748
chr3	178919197	178919317	396.0	0.333333	-0.026666	0.943473
chr3	178919257	178919377	276.0	0.266667	0.083333	0.933448
chr3	178921331	178921451	372.0	0.383333	-0.023333	1.0657
chr3	178921391	178921511	492.0	0.375000	-0.001667	1.00687
chr3	178921451	178921571	396.0	0.341667	-0.005	0.944805
chr3	178921511	178921631	276.0	0.283333	0.036667	0.981207
chr3	178922290	178922410	120.0	0.383333	-0.036666	0.908505
chr3	178927382	178927502	120.0	0.416667	-0.1	0.957956
chr3	178927973	178928093	240.0	0.391667	-0.071667	0.95552
chr3	178928033	178928153	240.0	0.341667	-0.008334	0.990128
chr3	178928218	178928338	240.0	0.441667	-0.078334	0.994666
chr3	178928278	178928398	240.0	0.408333	-0.031666	1.02681
chr3	178935997	178936117	240.0	0.383333	-0.056666	0.925169
chr3	178936057	178936177	240.0	0.341667	-0.025	0.957649
chr3	178936944	178937064	120.0	0.366667	-0.04	0.989464
chr3	178937358	178937478	240.0	0.416667	-0.09	0.8488
chr3	178937418	178937538	240.0	0.341667	-0.025	1.01046
chr3	178937736	178937856	120.0	0.291667	0.001666	0.781224
chr3	178938773	178938893	240.0	0.450000	-0.1	0.940037
chr3	178938833	178938953	240.0	0.416667	-0.013334	0.964161
chr3	178941868	178941988	120.0	0.450000	-0.116667	1.02884
chr3	178942487	178942607	240.0	0.416667	-0.103334	0.970415
chr3	178942547	178942667	240.0	0.341667	-0.008334	0.959879
chr3	178943749	178943869	120.0	0.358333	-0.038333	0.992872
chr3	178947059	178947179	240.0	0.441667	-0.075	0.94978
chr3	178947119	178947239	240.0	0.425000	-0.031667	0.951164
chr3	178947791	178947911	120.0	0.416667	-0.073334	0.990667
chr3	178948012	178948132	240.0	0.333333	-0.023333	0.981927
chr3	178948072	178948192	240.0	0.383333	-0.056666	1.02002
chr3	178951881	178952001	372.0	0.391667	-0.011667	0.981619
chr3	178951941	178952061	492.0	0.383333	0	1.00956
chr3	178952001	178952121	528.0	0.391667	-0.005	0.999486
chr3	178952061	178952181	396.0	0.366667	0.016666	1.01356
chr3	178952121	178952241	276.0	0.400000	-0.04	0.993257
chr6	18130871	18130991	360.0	0.300000	-0.023333	1.01582
chr6	18130933	18131053	360.0	0.325000	0.025	0.995232
chr6	18130978	18131098	360.0	0.333333	0.06	0.96916
chr6	18134016	18134136	120.0	0.383333	-0.016666	1.04066
chr6	18139140	18139260	240.0	0.316667	0.01	1.00441
chr6	18139227	18139347	240.0	0.383333	0.01	1.01325
chr6	18139860	18139980	240.0	0.291667	0.065	0.980259
chr6	18139908	18140028	240.0	0.300000	0.03	0.998896
chr6	18143778	18143898	240.0	0.333333	0.03	1.07288
chr6	18143895	18144015	240.0	0.358333	-0.025	1.07416
chr6	18148011	18148131	240.0	0.366667	-0.04	0.978644
chr6	18148103	18148223	240.0	0.308333	0.031667	1.01138
chr6	18149170	18149290	240.0	0.375000	-0.015	0.964007
chr6	18149266	18149386	240.0	0.408333	-0.035	0.97762
chr6	117609605	117609725	372.0	0.441667	-0.035	0.995487
chr6	117609665	117609785	492.0	0.475000	-0.031667	1.03499
chr6	117609725	117609845	528.0	0.458333	-0.008333	1.02846
chr6	117609785	117609905	396.0	0.458333	-0.031666	1.02917
chr6	117609845	117609965	276.0	0.408333	-0.041666	1.05319
chr6	117622136	117622256	240.0	0.325000	0.031667	1.02484
chr6	117622196	117622316	240.0	0.366667	-0.016667	1.01892
chr6	117631243	117631363	372.0	0.441667	-0.018334	1.04435
chr6	117631303	117631423	360.0	0.450000	-0.05	1.07903
chr6	117631363	117631483	276.0	0.375000	0.001667	1.09152
chr6	117632182	117632302	120.0	0.375000	-0.028333	0.988258
chr6	117641193	117641313	372.0	0.375000	0.038333	1.00805
chr6	117641253	117641373	492.0	0.350000	0.02	1.01871
chr6	117641313	117641433	528.0	0.383333	-0.023333	1.00359
chr6	117641373	117641493	528.0	0.358333	-0.021666	0.990617
chr6	117641433	117641553	528.0	0.291667	0.021666	1.01454
chr6	117641493	117641613	528.0	0.316667	0	1.02687
chr6	117641553	117641673	528.0	0.308333	0.008334	0.994358
chr6	117641613	117641733	528.0	0.333333	-0.003333	0.963494
chr6	117641673	117641793	528.0	0.350000	-0.016667	0.980438
chr6	117641733	117641853	528.0	0.325000	0.015	0.998462
chr6	117641793	117641913	528.0	0.333333	-0.006666	0.979183
chr6	117641853	117641973	528.0	0.316667	0.023333	0.980619
chr6	117641913	117642033	528.0	0.325000	0.038333	0.961623
chr6	117641973	117642093	528.0	0.383333	-0.026666	0.946728
chr6	117642033	117642153	528.0	0.441667	-0.085	0.917632
chr6	117642093	117642213	528.0	0.358333	0.005	0.911452
chr6	117642153	117642273	528.0	0.300000	0.073333	0.92691
chr6	117642213	117642333	528.0	0.333333	0.036667	0.955726
chr6	117642273	117642393	420.8	0.433333	0	0.995462
chr6	117642333	117642453	420.8	0.500000	-0.05	1.00528
chr6	117642421	117642541	414.4	0.491667	-0.068334	0.960033
chr6	117642481	117642601	414.4	0.308333	0.061667	0.943805
chr6	117642557	117642677	521.6	0.250000	0.04	0.956366
chr6	117642617	117642737	521.6	0.225000	0.005	1.00405
chr6	117642677	117642797	528.0	0.208333	0.018334	1.0385
chr6	117642737	117642857	528.0	0.208333	0.028334	0.959596
chr6	117642797	117642917	528.0	0.216667	0.02	0.960854
chr6	117642857	117642977	528.0	0.291667	-0.041667	0.979567
chr6	117642917	117643037	528.0	0.275000	0.011667	0.963826
chr6	117642977	117643097	528.0	0.275000	0.011667	0.962263
chr6	117643037	117643157	528.0	0.350000	-0.076667	1.01751
chr6	117643097	117643217	528.0	0.250000	0.05	1.07937
chr6	117643157	117643277	528.0	0.266667	0.03	1.05678
chr6	117643217	117643337	528.0	0.350000	-0.066667	1.06506
chr6	117643277	117643397	528.0	0.316667	0.016666	1.04881
chr6	117643337	117643457	528.0	0.333333	0.026667	1.02017
chr6	117643397	117643517	528.0	0.391667	-0.025	0.994616
chr6	117643457	117643577	528.0	0.441667	-0.061667	0.970621
chr6	117643517	117643637	528.0	0.316667	0.08	1.00302
chr6	117643577	117643697	528.0	0.358333	0.031667	0.973852
chr6	117643637	117643757	528.0	0.441667	-0.061667	0.979361
chr6	117643697	117643817	528.0	0.350000	-0.01	0.989873
chr6	117643757	117643877	528.0	0.308333	0.051667	0.937831
chr6	117643817	117643937	528.0	0.308333	0.031667	0.920143
chr6	117643877	117643997	528.0	0.358333	-0.031666	0.935678
chr6	117643937	117644057	528.0	0.366667	-0.03	0.929861
chr6	117643997	117644117	528.0	0.350000	0.043333	0.939985
chr6	117644057	117644177	528.0	0.375000	0.025	0.934167
chr6	117644117	117644237	528.0	0.425000	-0.005	0.952702
chr6	117644177	117644297	528.0	0.483333	-0.053333	0.998846
chr6	117644237	117644357	528.0	0.466667	-0.036667	1.00105
chr6	117644297	117644417	528.0	0.400000	0.013333	0.978208
chr6	117644357	117644477	528.0	0.366667	0.02	0.959162
chr6	117644417	117644537	528.0	0.358333	0.015	0.973593
chr6	117644477	117644597	528.0	0.383333	-0.02	0.979466
chr6	117644537	117644657	528.0	0.358333	0.011667	0.986311
chr6	117644597	117644717	528.0	0.333333	0.016667	0.982284
chr6	117644657	117644777	528.0	0.375000	-0.028333	0.991257
chr6	117644717	117644837	528.0	0.350000	-0.026667	0.979337
chr6	117644777	117644897	528.0	0.275000	0.051667	0.969314
chr6	117644837	117644957	528.0	0.300000	0.043333	1.00249
chr6	117644897	117645017	528.0	0.391667	-0.015	1.005
chr6	117644957	117645077	528.0	0.433333	-0.073333	0.965878
chr6	117645017	117645137	528.0	0.416667	-0.043334	0.92217
chr6	117645077	117645197	528.0	0.333333	0.023334	0.963595
chr6	117645137	117645257	528.0	0.291667	0.025	1.03617
chr6	117645197	117645317	528.0	0.283333	-0.003333	1.04314
chr6	117645257	117645377	528.0	0.266667	0.026666	1.01305
chr6	117645317	117645437	396.0	0.275000	0.015	1
chr6	117645377	117645497	276.0	0.266667	0.013333	0.997948
chr6	117645578	117645698	372.0	0.350000	0	1.01423
chr6	117645638	117645758	492.0	0.416667	-0.063334	1.02753
chr6	117645698	117645818	528.0	0.383333	-0.026666	1.05976
chr6	117645758	117645878	528.0	0.291667	0.025	1.03927
chr6	117645818	117645938	528.0	0.241667	0.055	0.990334
chr6	117645878	117645998	528.0	0.266667	0.056666	1.01318
chr6	117645938	117646058	528.0	0.358333	-0.048333	1.03199
chr6	117645998	117646118	528.0	0.416667	-0.086667	1.05968
chr6	117646058	117646178	528.0	0.325000	0.038333	1.05391
chr6	117646118	117646238	528.0	0.308333	0.041667	1.04371
chr6	117646178	117646298	528.0	0.366667	-0.056667	1.09078
chr6	117646238	117646358	528.0	0.300000	0.02	1.09987
chr6	117646298	117646418	528.0	0.266667	0.073333	1.03181
chr6	117646358	117646478	528.0	0.316667	0.033333	0.980207
chr6	117646418	117646538	528.0	0.441667	-0.081667	0.955265
chr6	117646478	117646598	528.0	0.450000	-0.066667	0.970314
chr6	117646538	117646658	528.0	0.350000	0.05	1.0151
chr6	117646598	117646718	528.0	0.391667	0.005	1.01182
chr6	117646658	117646778	528.0	0.416667	-0.03	1.03699
chr6	117646718	117646838	528.0	0.408333	0.001667	1.07011
chr6	117646778	117646898	528.0	0.391667	-0.008334	1.02817
chr6	117646838	117646958	528.0	0.350000	0.026667	0.979207
chr6	117646898	117647018	528.0	0.350000	0.02	1.00005
chr6	117646958	117647078	528.0	0.358333	0.018334	1.01658
chr6	117647018	117647138	528.0	0.383333	-0.03	0.997357
chr6	117647078	117647198	528.0	0.400000	-0.083333	1.0413
chr6	117647138	117647258	528.0	0.300000	-0.006667	1.05388
chr6	117647198	117647318	528.0	0.191667	0.095	1.03673
chr6	117647258	117647378	396.0	0.241667	0.038333	1.00674
chr6	117647318	117647438	276.0	0.333333	-0.043333	0.978208
chr6	117662562	117662682	372.0	0.408333	-0.005	1.0052
chr6	117662622	117662742	360.0	0.408333	0.005	0.963826
chr6	117662682	117662802	276.0	0.441667	-0.025	0.949318
chr6	117674152	117674272	240.0	0.475000	-0.065	0.902685
chr6	117674212	117674332	240.0	0.441667	-0.091667	0.915018
chr6	117677791	117677911	372.0	0.441667	-0.025	0.966699
chr6	117677851	117677971	492.0	0.350000	0.056667	0.992128
chr6	117677911	117678031	396.0	0.391667	0.001666	0.963595
chr6	117677971	117678091	276.0	0.416667	-0.04	0.966315
chr6	117680971	117681091	372.0	0.450000	-0.073333	0.997847
chr6	117681031	117681151	360.0	0.366667	0.006666	1.06834
chr6	117681091	117681211	276.0	0.325000	0.048333	1.08326
chr6	117683765	117683885	372.0	0.400000	-0.016667	0.997871
chr6	117683825	117683945	492.0	0.325000	0.048333	1.05099
chr6	117683885	117684005	396.0	0.316667	0.036666	1.03999
chr6	117683945	117684065	276.0	0.391667	-0.071667	1.07139
chr6	117708942	117709062	372.0	0.541667	-0.065	0.97826
chr6	117709002	117709122	492.0	0.425000	0.051667	1.03673
chr6	117709062	117709182	396.0	0.425000	0.035	1.02461
chr6	117709122	117709242	276.0	0.450000	0.003333	0.957418
chr6	117710512	117710632	372.0	0.608333	-0.101666	1.03679
chr6	117710572	117710692	492.0	0.541667	-0.048334	1.06806
chr6	117710632	117710752	528.0	0.400000	0.073333	1.05117
chr6	117710692	117710812	528.0	0.416667	0.023333	1.0121
chr6	117710752	117710872	528.0	0.433333	0.016667	1.00062
chr6	117710812	117710932	528.0	0.441667	0.018333	0.998486
chr6	117710872	117710992	396.0	0.491667	-0.028334	1.00977
chr6	117710932	117711052	276.0	0.466667	-0.03	1.02307
chr6	117715324	117715444	372.0	0.358333	0.011667	1.0362
chr6	117715384	117715504	360.0	0.408333	-0.055	1.01884
chr6	117715444	117715564	276.0	0.383333	-0.08	0.94255
chr7	55086921	55087041	240.0	0.733333	0.01	0.958932
chr7	55086981	55087101	240.0	0.750000	-0.013333	1.03702
chr7	55209978	55210098	240.0	0.450000	-0.066667	0.94742
chr7	55210038	55210158	240.0	0.400000	-0.003333	1.01869
chr7	55210997	55211117	372.0	0.458333	0.001667	0.911787
chr7	55211057	55211177	360.0	0.383333	0.076667	0.941704
chr7	55211117	55211237	276.0	0.475000	-0.001667	0.952164
chr7	55214298	55214418	240.0	0.558333	-0.011666	1.03796
chr7	55214358	55214478	240.0	0.541667	-0.021667	1.01848
chr7	55218986	55219106	120.0	0.558333	-0.088333	1.02123
chr7	55220238	55220358	120.0	0.658333	-0.051666	0.964469
chr7	55221703	55221823	240.0	0.583333	0.013334	0.952111
chr7	55221763	55221883	240.0	0.575000	0.008333	1.01638
chr7	55223522	55223642	120.0	0.575000	0.021667	0.940523
chr7	55224225	55224345	240.0	0.425000	-0.005	0.923117
chr7	55224285	55224405	240.0	0.433333	-0.006666	0.909837
chr7	55224451	55224571	240.0	0.391667	-0.035	0.94132
chr7	55224511	55224631	240.0	0.325000	0.061667	0.958649
chr7	55225355	55225475	120.0	0.508333	-0.041666	0.979696
chr7	55227831	55227951	372.0	0.408333	-0.025	1.00889
chr7	55227891	55228011	360.0	0.341667	0.038333	1.01554
chr7	55227951	55228071	276.0	0.391667	-0.041667	1.00243
chr7	55229191	55229311	240.0	0.675000	-0.071667	0.845158
chr7	55229251	55229371	240.0	0.525000	0.005	0.877973
chr7	55231425	55231545	120.0	0.575000	-0.031667	0.972978
chr7	55232972	55233092	240.0	0.600000	-0.116667	0.925834
chr7	55233032	55233152	240.0	0.575000	-0.061667	0.933217
chr7	55236215	55236335	120.0	0.350000	-0.056667	0.966185
chr7	55237999	55238119	372.0	0.483333	0.01	1.03953
chr7	55238059	55238179	492.0	0.566667	-0.04	1.03684
chr7	55238119	55238239	396.0	0.583333	-0.026666	1.02256
chr7	55238179	55238299	276.0	0.616667	-0.03	0.998693
chr7	55238867	55238987	120.0	0.508333	-0.055	0.957572
chr7	55240538	55240658	149.2	0.475000	0.048333	0.969031
chr7	55240675	55240795	269.2	0.666667	-0.03	1.0192
chr7	55240735	55240855	240.0	0.683333	-0.086666	1.00213
chr7	55241613	55241733	240.0	0.508333	0.068334	1.11874
chr7	55241673	55241793	240.0	0.575000	-0.048333	1.10185
chr7	55242324	55242444	360.0	0.500000	0.033333	0.944291
chr7	55242344	55242464	440.4	0.475000	0.045	0.955855
chr7	55242414	55242534	960.0	0.450000	0.046667	0.987156
chr7	55242480	55242600	749.6	0.525000	-0.041667	0.975236
chr7	55242487	55242607	746.8	0.541667	-0.055	0.980081
chr7	55242494	55242614	744.0	0.541667	-0.051667	0.981465
chr7	55242506	55242626	720.0	0.541667	-0.051667	0.979183
chr7	55242519	55242639	720.0	0.516667	-0.023334	0.979158
chr7	55248985	55249105	372.0	0.641667	-0.045	0.947368
chr7	55249045	55249165	360.0	0.566667	0.03	0.96521
chr7	55249105	55249225	276.0	0.533333	0.026667	0.972055
chr7	55259411	55259531	240.0	0.566667	-0.03	0.906453
chr7	55259471	55259591	240.0	0.508333	0.028334	0.939216
chr7	55260458	55260578	120.0	0.441667	-0.051667	0.948703
chr7	55266409	55266529	240.0	0.541667	-0.048334	0.995666
chr7	55266469	55266589	240.0	0.533333	-0.016666	1.02997
chr7	55268008	55268128	240.0	0.500000	-0.023333	1.06424
chr7	55268106	55268226	492.0	0.491667	0.038333	0.984668
chr7	55268166	55268286	492.0	0.550000	0.01	0.96075
chr7	55268226	55268346	528.0	0.608333	-0.048333	0.951318
chr7	55268286	55268406	528.0	0.591667	-0.018334	0.930577
chr7	55268346	55268466	528.0	0.558333	-0.021666	0.954394
chr7	55268406	55268526	528.0	0.541667	-0.028334	1.00505
chr7	55268466	55268586	528.0	0.441667	0.031666	1.01323
chr7	55268526	55268646	528.0	0.416667	0.036666	0.9678
chr7	55268586	55268706	528.0	0.425000	-0.008333	0.939831
chr7	55268646	55268766	528.0	0.408333	0.041667	0.954674
chr7	55268706	55268826	396.0	0.458333	-0.015	0.982874
chr7	55268766	55268886	396.0	0.491667	-0.021667	0.98249
chr7	55268880	55269000	360.0	0.541667	-0.015	0.956649
chr7	55268940	55269060	240.0	0.575000	-0.098333	0.953982
chr7	55269427	55269547	120.0	0.416667	0.026666	1.00648
chr7	55270209	55270329	372.0	0.566667	-0.003334	1.01646
chr7	55270269	55270389	492.0	0.600000	-0.036667	0.996204
chr7	55270329	55270449	396.0	0.591667	-0.035	1.03338
chr7	55270389	55270509	276.0	0.541667	-0.028334	1.04478
chr7	55272948	55273068	372.0	0.566667	-0.016667	0.918143
chr7	55273008	55273128	492.0	0.600000	-0.046667	0.939806
chr7	55273068	55273188	528.0	0.591667	-0.025	0.934629
chr7	55273128	55273248	528.0	0.558333	-0.021666	0.906865
chr7	55273188	55273308	396.0	0.475000	0.055	0.907761
chr7	55273248	55273368	276.0	0.475000	0.035	0.978515
chr7	116339089	116339209	372.0	0.533333	-0.083333	0.953188
chr7	116339149	116339269	492.0	0.508333	-0.051666	0.940292
chr7	116339209	116339329	528.0	0.441667	0.038333	0.966238
chr7	116339269	116339389	528.0	0.416667	0.04	1.02886
chr7	116339329	116339449	528.0	0.466667	-0.03	0.984283
chr7	116339389	116339509	528.0	0.483333	-0.03	0.999972
chr7	116339449	116339569	528.0	0.466667	0.026666	1.02894
chr7	116339509	116339629	528.0	0.500000	-0.006667	1.00364
chr7	116339569	116339689	528.0	0.533333	-0.06	1.03176
chr7	116339629	116339749	528.0	0.483333	-0.013333	1.02535
chr7	116339689	116339809	528.0	0.383333	0.056667	1.01487
chr7	116339749	116339869	528.0	0.383333	0.023334	1.02753
chr7	116339809	116339929	528.0	0.366667	0.006666	1.01615
chr7	116339869	116339989	528.0	0.375000	0.008333	1.02997
chr7	116339929	116340049	528.0	0.408333	-0.005	0.992435
chr7	116339989	116340109	528.0	0.391667	0.035	0.98608
chr7	116340049	116340169	528.0	0.450000	-0.01	0.989464
chr7	116340109	116340229	528.0	0.533333	-0.086666	0.970338
chr7	116340169	116340289	396.0	0.441667	0.005	0.960547
chr7	116340229	116340349	276.0	0.383333	0.023334	0.995693
chr7	116371721	116371841	372.0	0.458333	-0.025	0.945704
chr7	116371781	116371901	360.0	0.450000	-0.03	0.971363
chr7	116371841	116371961	276.0	0.450000	-0.03	0.993051
chr7	116380003	116380123	240.0	0.458333	-0.058333	1.02466
chr7	116380063	116380183	240.0	0.450000	-0.036667	0.998923
chr7	116380905	116381025	240.0	0.541667	-0.078334	0.971852
chr7	116380965	116381085	240.0	0.550000	-0.096667	1.00425
chr7	116395408	116395528	240.0	0.408333	-0.045	0.951881
chr7	116395468	116395588	240.0	0.350000	0.016667	0.954803
chr7	116397490	116397610	120.0	0.375000	-0.048333	1.00256
chr7	116397691	116397811	240.0	0.383333	-0.076666	0.973338
chr7	116397751	116397871	240.0	0.283333	0.046667	0.986821
chr7	116398512	116398632	240.0	0.391667	-0.065	0.979644
chr7	116398572	116398692	240.0	0.358333	-0.008333	1.01256
chr7	116399390	116399510	240.0	0.425000	0.001667	0.926603
chr7	116399450	116399570	240.0	0.425000	-0.005	0.904275
chr7	116403103	116403223	372.0	0.450000	-0.063333	0.987618
chr7	116403163	116403283	480.0	0.383333	-0.013333	0.9708
chr7	116403223	116403343	516.0	0.316667	0.053333	0.950626
chr7	116403269	116403389	612.0	0.333333	-0.01	0.947036
chr7	116403329	116403449	612.0	0.316667	-0.006667	0.918632
chr7	116403389	116403509	528.0	0.291667	0.025	0.89361
chr7	116403449	116403569	528.0	0.300000	0.026667	0.95265
chr7	116403509	116403629	528.0	0.366667	-0.04	1.02669
chr7	116403569	116403689	528.0	0.358333	-0.015	1.02648
chr7	116403629	116403749	528.0	0.333333	0.006667	1.02338
chr7	116403689	116403809	528.0	0.350000	-0.013333	0.984745
chr7	116403749	116403869	528.0	0.316667	0.02	0.965979
chr7	116403809	116403929	528.0	0.325000	0.011667	0.981105
chr7	116403869	116403989	528.0	0.341667	-0.011667	0.93996
chr7	116403929	116404049	528.0	0.341667	-0.015	0.934884
chr7	116403989	116404109	528.0	0.308333	0.001667	0.954957
chr7	116404049	116404169	528.0	0.266667	0.033333	0.98995
chr7	116404109	116404229	528.0	0.291667	-0.001667	1.05001
chr7	116404169	116404289	528.0	0.308333	0.008334	1.06586
chr7	116404229	116404349	528.0	0.333333	-0.016666	1.01195
chr7	116404289	116404409	528.0	0.341667	-0.035	0.971132
chr7	116404349	116404469	528.0	0.283333	0.023334	0.977208
chr7	116404409	116404529	528.0	0.283333	0.04	0.997357
chr7	116404469	116404589	528.0	0.308333	0.001667	0.98995
chr7	116404529	116404649	528.0	0.341667	-0.031667	1.0291
chr7	116404589	116404709	528.0	0.341667	0.015	1.04858
chr7	116404649	116404769	528.0	0.350000	0.006667	1.01771
chr7	116404709	116404829	528.0	0.408333	-0.021666	1.00541
chr7	116404769	116404889	528.0	0.391667	-0.035	1.02015
chr7	116404829	116404949	528.0	0.366667	0.003333	1.01723
chr7	116404889	116405009	528.0	0.316667	0.04	1.01015
chr7	116404949	116405069	396.0	0.308333	0.098334	0.981644
chr7	116405009	116405129	276.0	0.466667	-0.073334	0.968314
chr7	116405309	116405429	372.0	0.366667	0.106666	1.02997
chr7	116405369	116405489	492.0	0.408333	0.048334	1.0021
chr7	116405429	116405549	528.0	0.475000	-0.051667	0.952957
chr7	116405489	116405609	528.0	0.500000	-0.02	0.962109
chr7	116405549	116405669	528.0	0.508333	-0.018333	0.962931
chr7	116405609	116405729	528.0	0.491667	-0.025	1.00074
chr7	116405669	116405789	528.0	0.458333	-0.011666	1.03686
chr7	116405729	116405849	528.0	0.383333	0.046667	1.05832
chr7	116405789	116405909	528.0	0.375000	0.041667	1.06927
chr7	116405849	116405969	528.0	0.450000	-0.073333	1.07934
chr7	116405909	116406029	528.0	0.425000	-0.068333	1.02574
chr7	116405969	116406089	528.0	0.291667	0.021666	0.974439
chr7	116406029	116406149	528.0	0.241667	0.065	1.04148
chr7	116406089	116406209	528.0	0.266667	0.033333	1.04596
chr7	116406149	116406269	528.0	0.291667	0.018333	1.01425
chr7	116406209	116406329	528.0	0.366667	0.003333	1.00754
chr7	116406269	116406389	528.0	0.400000	0.026667	0.991796
chr7	116406329	116406449	528.0	0.475000	-0.028333	0.977131
chr7	116406389	116406509	528.0	0.541667	-0.085	0.947728
chr7	116406449	116406569	528.0	0.500000	-0.01	0.948137
chr7	116406509	116406629	528.0	0.450000	0.006667	1.01556
chr7	116406569	116406689	528.0	0.408333	0.035	1.0816
chr7	116406629	116406749	528.0	0.416667	-0.01	1.11569
chr7	116406689	116406809	528.0	0.366667	0.01	1.09454
chr7	116406749	116406869	528.0	0.308333	0.075	1.04355
chr7	116406809	116406929	528.0	0.366667	0.026666	0.995155
chr7	116406869	116406989	528.0	0.450000	-0.053333	0.98472
chr7	116406929	116407049	528.0	0.475000	-0.018333	0.971107
chr7	116406989	116407109	528.0	0.475000	0.035	0.966468
chr7	116407049	116407169	528.0	0.525000	-0.031667	0.964315
chr7	116407109	116407229	528.0	0.575000	-0.061667	1.00887
chr7	116407169	116407289	528.0	0.508333	0.011667	1.04635
chr7	116407229	116407349	528.0	0.483333	-0.013333	1.04589
chr7	116407289	116407409	528.0	0.450000	-0.03	1.06783
chr7	116407349	116407469	528.0	0.358333	0.051667	1.0786
chr7	116407409	116407529	528.0	0.358333	0.015	1.0737
chr7	116407469	116407589	528.0	0.366667	-0.02	1.01792
chr7	116407529	116407649	528.0	0.358333	-0.011666	0.983388
chr7	116407589	116407709	528.0	0.350000	-0.016667	0.97962
chr7	116407649	116407769	528.0	0.333333	-0.056666	0.968748
chr7	116407709	116407829	528.0	0.216667	0.04	1.00579
chr7	116407769	116407889	528.0	0.150000	0.103333	1.05945
chr7	116407829	116407949	528.0	0.233333	0.016667	1.07793
chr7	116407889	116408009	528.0	0.308333	-0.058333	1.07998
chr7	116407949	116408069	528.0	0.333333	-0.033333	1.04222
chr7	116408009	116408129	528.0	0.291667	0.031666	1.04817
chr7	116408069	116408189	528.0	0.316667	0.02	1.0555
chr7	116408129	116408249	528.0	0.383333	-0.03	1.02369
chr7	116408189	116408309	528.0	0.383333	-0.02	1.03007
chr7	116408249	116408369	528.0	0.341667	0.048333	1.06388
chr7	116408309	116408429	528.0	0.375000	0.038333	1.04481
chr7	116408369	116408489	528.0	0.433333	-0.026666	1.03679
chr7	116408429	116408549	528.0	0.458333	-0.061666	1.04286
chr7	116408489	116408609	528.0	0.400000	0	1.03489
chr7	116408549	116408669	528.0	0.325000	0.048333	1.05619
chr7	116408609	116408729	528.0	0.341667	-0.005	1.06099
chr7	116408669	116408789	528.0	0.350000	-0.026667	1.04853
chr7	116408729	116408849	528.0	0.316667	0.003333	1.04594
chr7	116408789	116408909	528.0	0.316667	-0.02	1.07749
chr7	116408849	116408969	528.0	0.308333	-0.028333	1.03756
chr7	116408909	116409029	528.0	0.225000	0.055	1.01333
chr7	116408969	116409089	528.0	0.225000	0.048333	1.02807
chr7	116409029	116409149	528.0	0.325000	-0.055	1.03845
chr7	116409089	116409209	528.0	0.275000	0.025	1.01305
chr7	116409149	116409269	528.0	0.258333	0.075	1.03884
chr7	116409209	116409329	528.0	0.400000	-0.04	1.07122
chr7	116409269	116409389	528.0	0.441667	-0.061667	1.06058
chr7	116409329	116409449	528.0	0.416667	-0.013334	1.02512
chr7	116409389	116409509	528.0	0.350000	0.053333	1.0233
chr7	116409449	116409569	528.0	0.375000	0.025	1.02153
chr7	116409509	116409629	528.0	0.425000	-0.051667	1.00784
chr7	116409569	116409689	428.4	0.358333	0.008334	1.00387
chr7	116409629	116409749	428.4	0.350000	0.03	0.994435
chr7	116409698	116409818	392.4	0.408333	-0.041666	0.973082
chr7	116409758	116409878	272.4	0.416667	-0.046667	0.993718
chr7	116411551	116411671	240.0	0.391667	-0.038334	0.944959
chr7	116411611	116411731	360.0	0.358333	-0.008333	0.932063
chr7	116411708	116411828	492.0	0.341667	0.048333	0.900867
chr7	116411768	116411888	390.4	0.450000	-0.04	0.944113
chr7	116411828	116411948	426.4	0.483333	-0.053333	0.98831
chr7	116411902	116412022	418.0	0.433333	-0.013333	1.08255
chr7	116411962	116412082	418.0	0.366667	-0.003334	1.0716
chr7	116412043	116412163	519.6	0.266667	0.056666	0.964238
chr7	116412103	116412223	519.6	0.266667	0.03	0.905121
chr7	116412163	116412283	528.0	0.291667	-0.001667	0.890047
chr7	116412223	116412343	528.0	0.275000	0.015	0.915402
chr7	116412283	116412403	528.0	0.291667	0.005	0.93473
chr7	116412343	116412463	528.0	0.300000	0.016667	0.983926
chr7	116412403	116412523	528.0	0.333333	0	1.0614
chr7	116412463	116412583	528.0	0.358333	-0.031666	1.0987
chr7	116412523	116412643	528.0	0.358333	-0.018333	1.09462
chr7	116412583	116412703	528.0	0.325000	0.021667	1.07696
chr7	116412643	116412763	528.0	0.333333	0.013334	1.05686
chr7	116412703	116412823	528.0	0.358333	-0.035	1.06547
chr7	116412763	116412883	528.0	0.333333	0.003334	1.03022
chr7	116412823	116412943	528.0	0.308333	0.001667	1.02569
chr7	116412883	116413003	528.0	0.316667	-0.023334	1.05009
chr7	116412943	116413063	528.0	0.283333	-0.02	1.06616
chr7	116413003	116413123	528.0	0.216667	0.08	1.0746
chr7	116413063	116413183	528.0	0.275000	0.035	1.04989
chr7	116413123	116413243	528.0	0.400000	-0.053333	1.05063
chr7	116413183	116413303	528.0	0.408333	-0.011666	1.05155
chr7	116413243	116413363	528.0	0.425000	0.021667	1.01387
chr7	116413303	116413423	528.0	0.491667	-0.041667	0.966262
chr7	116413363	116413483	528.0	0.450000	0.01	0.962162
chr7	116413423	116413543	528.0	0.425000	0.038333	0.975414
chr7	116413483	116413603	528.0	0.441667	0.028333	0.999231
chr7	116413543	116413663	528.0	0.491667	-0.028334	0.981182
chr7	116413603	116413723	528.0	0.525000	-0.068333	0.960442
chr7	116413663	116413783	528.0	0.441667	-0.008334	0.955111
chr7	116413723	116413843	528.0	0.400000	0.006667	0.985283
chr7	116413783	116413903	528.0	0.358333	0.015	0.99482
chr7	116413843	116413963	528.0	0.341667	0.025	1.06376
chr7	116413903	116414023	528.0	0.383333	-0.006666	1.11128
chr7	116413963	116414083	528.0	0.358333	0.025	1.10352
chr7	116414023	116414143	528.0	0.408333	-0.018333	1.08701
chr7	116414083	116414203	528.0	0.433333	-0.046666	1.05837
chr7	116414143	116414263	528.0	0.375000	0.018333	1.00743
chr7	116414203	116414323	528.0	0.333333	0.053334	0.99154
chr7	116414263	116414383	528.0	0.366667	0	1.00441
chr7	116414323	116414443	528.0	0.425000	-0.061667	1.02687
chr7	116414383	116414503	528.0	0.366667	-0.013334	1.0374
chr7	116414443	116414563	528.0	0.300000	0.06	1.04755
chr7	116414503	116414623	528.0	0.325000	0.005	1.0323
chr7	116414563	116414683	528.0	0.358333	-0.031666	1.04235
chr7	116414623	116414743	528.0	0.333333	-0.026666	0.994743
chr7	116414683	116414803	528.0	0.266667	0.04	0.960134
chr7	116414743	116414863	528.0	0.208333	0.061667	0.980158
chr7	116414803	116414923	427.6	0.266667	0.053333	1.03135
chr7	116414863	116414983	427.6	0.375000	-0.021667	1.05996
chr7	116414934	116415054	523.6	0.441667	-0.015	0.982899
chr7	116414994	116415114	391.6	0.483333	-0.06	0.948291
chr7	116415054	116415174	276.0	0.475000	-0.038333	0.958778
chr7	116417442	116417562	120.0	0.366667	-0.026667	0.931962
chr7	116418829	116418949	372.0	0.483333	-0.066666	0.950727
chr7	116418889	116419009	360.0	0.483333	-0.036666	0.991002
chr7	116418949	116419069	276.0	0.433333	0	0.99218
chr7	116422041	116422161	120.0	0.375000	-0.025	0.923323
chr7	116423357	116423477	240.0	0.416667	-0.043334	1.05814
chr7	116423417	116423537	240.0	0.391667	-0.035	1.11667
chr7	116435708	116435828	240.0	0.491667	-0.051667	0.93832
chr7	116435768	116435888	240.0	0.408333	0.038334	0.958264
chr7	116435940	116436060	372.0	0.458333	-0.021666	0.994589
chr7	116436000	116436120	492.0	0.458333	-0.005	0.987181
chr7	116436060	116436180	396.0	0.475000	-0.021667	0.99841
chr7	116436120	116436240	276.0	0.475000	-0.065	1.01994
chr7	140434347	140434467	264.4	0.441667	-0.035	0.969363
chr7	140434407	140434527	360.0	0.491667	-0.101667	0.967902
chr7	140434496	140434616	264.4	0.366667	0.013333	1.02802
chr7	140439552	140439672	144.0	0.383333	0.016667	1.04086
chr7	140439702	140439822	144.0	0.350000	0.02	1.03686
chr7	140449027	140449147	240.0	0.375000	-0.021667	0.94978
chr7	140449146	140449266	240.0	0.316667	0.006666	0.988464
chr7	140453050	140453170	240.0	0.400000	-0.023333	1.01328
chr7	140453110	140453230	240.0	0.383333	-0.033333	1.00951
chr7	140453986	140454106	120.0	0.391667	-0.048334	0.930294
chr7	140476677	140476797	252.0	0.358333	0.031667	1.0676
chr7	140476797	140476917	156.0	0.441667	-0.061667	1.07957
chr7	140477739	140477859	240.0	0.375000	-0.035	0.98213
chr7	140477799	140477919	240.0	0.375000	-0.035	1.00131
chr7	140481375	140481495	240.0	0.458333	-0.095	1.00456
chr7	140481481	140481601	492.0	0.358333	0.005	1.01031
chr7	140481541	140481661	360.0	0.341667	-0.031667	0.956701
chr7	140481601	140481721	276.0	0.216667	0.103333	0.937782
chr7	140481961	140482081	372.0	0.291667	0.061666	0.934475
chr7	140482021	140482141	492.0	0.275000	0.045	0.944396
chr7	140482081	140482201	528.0	0.316667	-0.04	0.980515
chr7	140482141	140482261	528.0	0.300000	-0.01	0.993589
chr7	140482201	140482321	396.0	0.266667	0.02	0.979773
chr7	140482261	140482381	276.0	0.233333	0.073334	0.99018
chr7	140482441	140482561	372.0	0.350000	-0.026667	0.924425
chr7	140482501	140482621	492.0	0.350000	-0.026667	0.970698
chr7	140482561	140482681	528.0	0.308333	-0.001666	0.984489
chr7	140482621	140482741	528.0	0.266667	0.036666	0.965287
chr7	140482681	140482801	516.0	0.266667	0.06	0.966032
chr7	140482741	140482861	516.0	0.325000	0.048333	0.99418
chr7	140482794	140482914	480.0	0.408333	-0.031666	1.02194
chr7	140482854	140482974	480.0	0.466667	-0.076667	1.02569
chr7	140482957	140483077	492.0	0.283333	0.096667	1.03527
chr7	140483017	140483137	492.0	0.358333	-0.011666	1.04396
chr7	140483077	140483197	528.0	0.358333	-0.031666	0.956289
chr7	140483137	140483257	528.0	0.300000	-0.013333	0.972107
chr7	140483197	140483317	528.0	0.266667	0.003333	1.00859
chr7	140483257	140483377	528.0	0.225000	0.031667	1.02766
chr7	140483317	140483437	528.0	0.250000	0	1.03104
chr7	140483377	140483497	528.0	0.250000	0.003333	1.06286
chr7	140483437	140483557	528.0	0.283333	0.003334	1.03879
chr7	140483497	140483617	528.0	0.316667	-0.003334	1.00708
chr7	140483557	140483677	528.0	0.333333	0.016667	1.05822
chr7	140483617	140483737	528.0	0.391667	-0.005	1.07403
chr7	140483677	140483797	528.0	0.425000	-0.005	1.04591
chr7	140483737	140483857	528.0	0.466667	-0.056667	1.03169
chr7	140483797	140483917	528.0	0.441667	-0.041667	1.02663
chr7	140483857	140483977	528.0	0.325000	0.031667	1.04486
chr7	140483917	140484037	528.0	0.283333	0.03	1.03676
chr7	140483977	140484097	528.0	0.275000	0.005	1.02371
chr7	140484037	140484157	528.0	0.258333	0.041667	0.997665
chr7	140484097	140484217	528.0	0.333333	-0.036666	0.988513
chr7	140484157	140484277	528.0	0.333333	0	1.02323
chr7	140484217	140484337	528.0	0.358333	-0.031666	1.01917
chr7	140484277	140484397	396.0	0.375000	-0.035	0.978005
chr7	140484337	140484457	276.0	0.250000	0.126667	0.976645
chr7	140484757	140484877	372.0	0.250000	0.11	1.05714
chr7	140484817	140484937	492.0	0.241667	0.075	1.07003
chr7	140484877	140484997	528.0	0.300000	-0.013333	0.998794
chr7	140484937	140485057	528.0	0.316667	-0.05	0.917272
chr7	140484997	140485117	528.0	0.258333	0.048334	0.945291
chr7	140485057	140485177	528.0	0.300000	0.01	0.959802
chr7	140485117	140485237	528.0	0.325000	-0.011667	0.965955
chr7	140485177	140485297	528.0	0.308333	0.031667	1.00308
chr7	140485237	140485357	528.0	0.400000	-0.02	0.994204
chr7	140485297	140485417	528.0	0.433333	-0.036666	0.978208
chr7	140485357	140485477	528.0	0.375000	0.058333	0.991436
chr7	140485417	140485537	528.0	0.425000	0.025	1.02025
chr7	140485477	140485597	528.0	0.525000	-0.058333	1.0533
chr7	140485537	140485657	528.0	0.525000	-0.085	1.05663
chr7	140485597	140485717	528.0	0.416667	-0.01	0.999972
chr7	140485657	140485777	528.0	0.291667	0.081666	0.936321
chr7	140485717	140485837	528.0	0.325000	0.025	0.96111
chr7	140485777	140485897	528.0	0.366667	-0.036667	0.978183
chr7	140485837	140485957	528.0	0.333333	0.01	0.983514
chr7	140485897	140486017	528.0	0.333333	0.003334	1.01028
chr7	140485957	140486077	528.0	0.350000	-0.023333	0.996511
chr7	140486017	140486137	528.0	0.300000	0.036667	0.936705
chr7	140486077	140486197	528.0	0.316667	0.04	0.935269
chr7	140486137	140486257	528.0	0.408333	-0.068333	0.99031
chr7	140486197	140486317	528.0	0.391667	-0.045	0.997588
chr7	140486257	140486377	528.0	0.333333	0.033334	1.01664
chr7	140486317	140486437	528.0	0.291667	0.058333	1.01354
chr7	140486377	140486497	528.0	0.333333	-0.006666	0.981465
chr7	140486437	140486557	528.0	0.391667	-0.048334	1.00418
chr7	140486497	140486617	528.0	0.341667	0.001666	1.01264
chr7	140486557	140486677	528.0	0.308333	0.041667	0.983849
chr7	140486617	140486737	528.0	0.333333	0.023334	0.990051
chr7	140486677	140486797	396.0	0.358333	0.065	0.98895
chr7	140486737	140486857	276.0	0.458333	-0.011666	0.898098
chr7	140487097	140487217	372.0	0.241667	0.155	0.989744
chr7	140487157	140487277	492.0	0.291667	0.041666	0.961008
chr7	140487217	140487337	548.0	0.316667	-0.003334	0.929861
chr7	140487277	140487397	636.0	0.341667	-0.028334	0.933091
chr7	140487328	140487448	732.0	0.350000	-0.053333	0.97016
chr7	140487347	140487467	632.0	0.350000	-0.06	0.995512
chr7	140487388	140487508	732.0	0.225000	0.058333	1.04307
chr7	140487448	140487568	648.0	0.216667	0.07	1.04981
chr7	140487508	140487628	396.0	0.275000	0.018333	1.02364
chr7	140487568	140487688	276.0	0.358333	-0.028333	1.0455
chr7	140487748	140487868	240.0	0.458333	-0.028333	0.993411
chr7	140487808	140487928	372.0	0.466667	-0.05	0.966032
chr7	140487928	140488048	408.0	0.266667	0.08	0.935678
chr7	140487988	140488108	492.0	0.291667	-0.008334	0.879948
chr7	140488048	140488168	528.0	0.258333	0.005	0.877973
chr7	140488108	140488228	528.0	0.233333	0.013334	0.932371
chr7	140488168	140488288	528.0	0.233333	0.03	0.948035
chr7	140488228	140488348	396.0	0.250000	0.036667	0.985206
chr7	140488288	140488408	276.0	0.291667	0.061666	1.01615
chr7	140489008	140489128	372.0	0.341667	0.058333	1.00764
chr7	140489068	140489188	492.0	0.400000	-0.07	1.01792
chr7	140489128	140489248	528.0	0.291667	0.038333	1.00879
chr7	140489188	140489308	528.0	0.241667	0.071666	0.987898
chr7	140489248	140489368	528.0	0.283333	0.02	0.987206
chr7	140489308	140489428	528.0	0.366667	-0.076667	0.925449
chr7	140489368	140489488	396.0	0.283333	0.05	0.916605
chr7	140489428	140489548	276.0	0.283333	0.096667	0.975208
chr7	140489848	140489968	372.0	0.400000	0.05	1.0434
chr7	140489908	140490028	492.0	0.425000	-0.041667	1.007
chr7	140489968	140490088	528.0	0.375000	-0.008333	0.928938
chr7	140490028	140490148	528.0	0.316667	0.046666	0.892561
chr7	140490088	140490208	528.0	0.316667	0.016666	0.88938
chr7	140490148	140490268	528.0	0.341667	-0.041667	0.919555
chr7	140490208	140490328	528.0	0.291667	0.035	0.965441
chr7	140490268	140490388	528.0	0.283333	0.056667	0.97862
chr7	140490328	140490448	528.0	0.375000	-0.041667	0.988027
chr7	140490388	140490508	528.0	0.400000	-0.053333	1.02015
chr7	140490448	140490568	396.0	0.366667	0.03	1.05058
chr7	140490508	140490628	276.0	0.333333	0.106667	1.04309
chr7	140490928	140491048	372.0	0.408333	0.001667	1.00638
chr7	140490988	140491108	492.0	0.416667	-0.043334	1.00502
chr7	140491048	140491168	528.0	0.375000	0.038333	1.03492
chr7	140491108	140491228	528.0	0.366667	0.05	1.05073
chr7	140491168	140491288	528.0	0.466667	-0.076667	1.01774
chr7	140491228	140491348	528.0	0.441667	-0.048334	1.00261
chr7	140491288	140491408	528.0	0.325000	0.075	0.994435
chr7	140491348	140491468	528.0	0.358333	0.015	0.982773
chr7	140491408	140491528	528.0	0.400000	-0.036667	1.00074
chr7	140491468	140491588	528.0	0.366667	0	1.03784
chr7	140491528	140491648	528.0	0.366667	0.02	1.05886
chr7	140491588	140491708	528.0	0.400000	-0.056667	1.04968
chr7	140491648	140491768	528.0	0.350000	-0.013333	1.03599
chr7	140491708	140491828	528.0	0.275000	0.045	0.99928
chr7	140491768	140491888	528.0	0.266667	0.066666	0.997948
chr7	140491828	140491948	528.0	0.308333	-0.008333	1.02692
chr7	140491888	140492008	528.0	0.350000	-0.006667	1.03412
chr7	140491948	140492068	528.0	0.375000	-0.028333	0.990617
chr7	140492008	140492128	528.0	0.366667	0	0.9708
chr7	140492068	140492188	528.0	0.358333	0.011667	0.990051
chr7	140492128	140492248	528.0	0.416667	-0.03	1.01474
chr7	140492188	140492308	528.0	0.400000	-0.016667	1.0212
chr7	140492248	140492368	528.0	0.358333	0.041667	1.02561
chr7	140492308	140492428	528.0	0.408333	-0.038333	1.02274
chr7	140492368	140492488	528.0	0.350000	0.01	1.0352
chr7	140492428	140492548	528.0	0.341667	0.011666	1.0151
chr7	140492488	140492608	528.0	0.358333	-0.025	0.977362
chr7	140492548	140492668	528.0	0.308333	0.015	0.900968
chr7	140492608	140492728	528.0	0.325000	0.001667	0.908837
chr7	140492668	140492788	528.0	0.333333	-0.013333	0.965622
chr7	140492728	140492848	528.0	0.316667	0.033333	0.969954
chr7	140492788	140492908	528.0	0.358333	0.008334	0.988335
chr7	140492848	140492968	528.0	0.400000	-0.04	1.0263
chr7	140492908	140493028	528.0	0.383333	0	1.01469
chr7	140492968	140493088	528.0	0.383333	0.01	0.991359
chr7	140493028	140493148	528.0	0.366667	-0.016667	0.992642
chr7	140493088	140493208	528.0	0.341667	-0.025	1.00908
chr7	140493148	140493268	528.0	0.308333	-0.038333	1.00987
chr7	140493208	140493328	528.0	0.191667	0.055	1.01069
chr7	140493268	140493388	528.0	0.125000	0.125	1
chr7	140493328	140493448	396.0	0.233333	0.083334	1.01018
chr7	140493388	140493508	276.0	0.441667	-0.065	1.02394
chr7	140493688	140493808	372.0	0.333333	0.046667	0.891585
chr7	140493748	140493868	492.0	0.275000	0.081667	0.925323
chr7	140493808	140493928	528.0	0.325000	-0.015	0.981951
chr7	140493868	140493988	528.0	0.350000	-0.06	1.00523
chr7	140493928	140494048	426.4	0.291667	0.001666	0.984951
chr7	140493988	140494108	396.0	0.250000	0.076667	0.987541
chr7	140494062	140494182	402.4	0.375000	-0.005	0.979875
chr7	140494182	140494302	156.0	0.441667	-0.081667	1.01156
chr7	140500117	140500237	240.0	0.550000	-0.113333	1.02566
chr7	140500195	140500315	240.0	0.458333	-0.028333	1.04986
chr7	140501180	140501300	148.4	0.366667	-0.02	1.04953
chr7	140501319	140501439	148.4	0.325000	0.008333	1.0173
chr7	140507718	140507838	240.0	0.333333	-0.013333	1.02179
chr7	140507794	140507914	240.0	0.375000	-0.025	0.983874
chr7	140508656	140508776	240.0	0.400000	-0.066667	0.967262
chr7	140508755	140508875	240.0	0.308333	0.035	0.97985
chr7	140534349	140534469	372.0	0.408333	-0.031666	1.01648
chr7	140534450	140534570	480.0	0.441667	-0.021667	1.08865
chr7	140534469	140534589	396.0	0.416667	0.01	1.08483
chr7	140534529	140534649	480.0	0.425000	-0.025	1.05165
chr7	140534627	140534747	240.0	0.341667	-0.001667	1.05527
chr7	140549853	140549973	240.0	0.325000	-0.031667	0.892379
chr7	140549964	140550084	240.0	0.225000	0.075	0.972209
chr7	140624365	140624485	372.0	0.783333	-0.04	1.04661
chr7	140624425	140624545	360.0	0.741667	0.045	1.09303
chr7	140624485	140624605	276.0	0.758333	0.058334	1.10575
chr8	32548288	32548408	372.0	0.341667	0.011666	0.994333
chr8	32548348	32548468	492.0	0.325000	0.035	1.04901
chr8	32548408	32548528	528.0	0.408333	-0.048333	1.03645
chr8	32548468	32548588	396.0	0.400000	0.013333	1.04084
chr8	32548528	32548648	276.0	0.383333	0.04	1.05999
chr8	32585466	32585586	240.0	0.466667	-0.06	0.967031
chr8	32585526	32585646	240.0	0.425000	-0.035	1.00697
chr8	32617717	32617837	372.0	0.525000	-0.051667	0.999794
chr8	32617777	32617897	492.0	0.550000	-0.03	0.979976
chr8	32617837	32617957	396.0	0.525000	-0.011667	0.951059
chr8	32617897	32618017	276.0	0.491667	0.005	0.969825
chr8	32621265	32621385	372.0	0.575000	-0.038333	0.983437
chr8	32621325	32621445	492.0	0.583333	-0.02	0.972132
chr8	32621385	32621505	528.0	0.558333	0.001667	0.980361
chr8	32621445	32621565	528.0	0.566667	-0.003334	0.978567
chr8	32621505	32621625	528.0	0.550000	-0.01	0.947651
chr8	32621565	32621685	528.0	0.525000	-0.001667	0.941984
chr8	32621625	32621745	528.0	0.500000	0.03	0.937782
chr8	32621685	32621805	528.0	0.516667	0.02	0.95229
chr8	32621745	32621865	528.0	0.591667	-0.101667	1.02981
chr8	32621805	32621925	396.0	0.525000	-0.105	1.06296
chr8	32621865	32621985	276.0	0.325000	0.048333	1.06386
chr9	21968158	21968278	120.0	0.508333	-0.025	0.955188
chr9	21968674	21968794	120.0	0.516667	0.033333	0.996871
chr9	21969681	21969801	120.0	0.566667	-0.046667	0.926169
chr9	21970803	21970923	372.0	0.516667	0.093333	0.991565
chr9	21970863	21970983	492.0	0.616667	0.026666	0.977491
chr9	21970923	21971043	528.0	0.716667	-0.053334	0.932909
chr9	21970983	21971103	528.0	0.750000	-0.02	0.971237
chr9	21971043	21971163	528.0	0.766667	-0.043334	1.01079
chr9	21971103	21971223	396.0	0.700000	0.003333	0.995078
chr9	21971163	21971283	276.0	0.625000	-0.005	0.988464
chr9	21974676	21974796	372.0	0.733333	-0.016666	1.0101
chr9	21974736	21974856	360.0	0.775000	-0.038333	1.01512
chr9	21974796	21974916	276.0	0.775000	-0.041667	1.00715
chr9	21994137	21994257	372.0	0.691667	-0.061667	0.903328
chr9	21994197	21994317	492.0	0.741667	-0.048334	0.915042
chr9	21994257	21994377	396.0	0.725000	-0.008333	0.978081
chr9	21994317	21994437	276.0	0.700000	0.03	0.984975
